building_id
1
2
4
7
8
9
11
12
13
14
15
16
17
18
19
20
21
22
23
24
26
28
30
31
32
34
35
36
38
39
40
41
42
43
44
45
47
48
50
52
53
54
55
59
60
61
62
63
64
65
66
68
69
70
71
72
73
74
77
78
79
80
81
82
83
84
85
86
87
88
89
91
92
93
94
95
96
97
98
99
100
101
102
104
105
106
107
109
110
111
112
113
114
115
116
117
118
119
120
121
122
123
124
126
127
128
129
130
131
132
133
134
135
136
137
138
139
140
141
142
143
146
147
148
149
150
151
152
153
154
155
156
157
158
159
160
162
163
164
165
166
167
168
169
170
171
172
173
174
175
176
177
178
179
180
181
182
183
184
185
186
187
188
189
190
191
192
194
195
196
197
198
199
200
201
202
203
205
206
207
208
209
210
211
212
213
214
215
216
217
218
219
220
221
222
223
224
225
226
227
228
229
230
231
232
234
235
236
237
239
240
241
242
243
244
245
246
247
248
249
251
252
253
254
256
257
258
259
260
261
262
263
264
265
266
267
268
269
270
271
272
273
274
275
276
277
278
279
280
281
282
283
284
285
286
287
288
289
290
291
292
293
295
296
297
298
299
300
301
302
303
304
305
306
307
308
309
310
311
312
314
315
316
317
318
319
320
321
322
323
324
325
326
327
328
329
330
331
332
333
334
336
337
338
339
340
341
342
343
344
345
346
347
348
349
350
351
352
354
355
356
357
359
360
361
362
363
364
365
366
367
368
369
370
371
372
373
374
375
376
377
378
379
380
381
382
383
390
391
392
440
441
443
446
447
448
451
452
453
454
455
456
457
468
469
470
475
476
477
488
489
490
491
492
493
494
496
500
507
508
509
510
611
612
614
615
616
617
620
623
624
627
628
630
631
632
633
634
635
636
637
639
640
642
644
645
647
648
650
652
655
656
658
660
662
663
664
666
668
669
670
672
673
674
675
676
678
679
680
681
684
685
686
687
688
689
691
692
694
695
696
697
698
699
700
701
702
705
707
708
709
711
712
713
714
716
717
718
719
720
721
722
723
725
726
727
728
729
730
731
732
733
734
737
738
740
741
742
743
744
747
749
750
751
752
753
755
756
757
759
760
761
762
763
764
765
767
768
770
771
772
775
776
777
778
779
781
782
783
784
785
786
787
788
790
791
793
794
795
796
797
798
799
802
803
804
806
807
808
811
812
813
814
815
816
818
819
833
926
991
992
993
994
1017
1077
1082
1091
1132
1174
1179
1180
1213
1214
1215
1216
1265
1266
1267
1268
1269
1270
1276
1277
1278
1280
1282
1285
1287
1288
1290
1291
1293
1294
1295
1296
1300
1302
1303
1304
1305
1306
1307
1308
1309
1310
1311
1312
1313
1314
1315
1316
1319
1320
1321
1326
1328
1329
1330
1331
1332
1341
1342
1343
1347
1348
1350
1351
1352
1354
1355
1358
1359
1360
1363
1364
1365
1367
1369
1372
1373
1374
1375
1377
1378
1379
1380
1382
1384
1386
1387
1388
1389
1390
1392
1393
1394
1395
1396
1398
1399
1401
1402
1403
1404
1405
1406
1407
1408
1410
1412
1413
1414
1415
1416
1417
1418
1419
1420
1421
1422
1424
1426
1427
1428
1429
1430
1431
1432
1433
1435
1436
1437
1438
1439
1440
1441
1442
1443
1445
1447
1450
1452
1453
1454
1457
1458
1460
1461
1463
1464
1465
1466
1468
1470
1471
1472
1473
1475
1477
1478
1479
1480
1481
1482
1483
1485
1486
1487
1488
1490
1492
1493
1494
1495
1497
1498
1499
1502
1504
1505
1507
1508
1509
1512
1515
1516
1518
1521
1522
1524
1525
1526
1527
1528
1529
1530
1531
1532
1533
1534
1535
1537
1539
1540
1541
1543
1544
1545
1546
1547
1548
1555
1557
1558
1559
1560
1561
1562
1563
1564
1565
1566
1567
1568
1569
1570
1572
1573
1574
1575
1576
1577
1578
1579
1581
1582
1583
1584
1585
1586
1587
1588
1589
1591
1592
1593
1595
1596
1599
1600
1602
1603
1606
1607
1608
1609
1610
1611
1613
1614
1615
1617
1619
1620
1621
1622
1623
1624
1625
1626
1627
1629
1630
1631
1632
1633
1634
1636
1637
1638
1640
1642
1643
1645
1646
1648
1649
1650
1651
1652
1653
1654
1655
1656
1658
1659
1661
1662
1663
1664
1665
1666
1667
1668
1669
1671
1672
1673
1674
1676
1677
1678
1679
1680
1681
1683
1684
1685
1687
1688
1689
1690
1691
1692
1693
1694
1695
1696
1697
1698
1700
1702
1703
1704
1705
1706
1707
1709
1710
1711
1713
1714
1718
1719
1720
1721
1722
1723
1724
1725
1728
1729
1731
1732
1735
1736
1737
1738
1740
1741
1742
1743
1744
1746
1747
1748
1749
1750
1751
1752
1753
1754
1755
1756
1757
1758
1759
1760
1761
1762
1763
1764
1766
1767
1768
1769
1770
1771
1773
1774
1776
1777
1778
1779
1780
1781
1782
1784
1786
1787
1788
1789
1790
1791
1793
1795
1797
1799
1800
1801
1802
1803
1805
1806
1808
1809
1811
1812
1814
1815
1818
1820
1821
1822
1823
1824
1825
1826
1827
1830
1831
1832
1833
1835
1837
1838
1839
1840
1841
1842
1843
1844
1845
1847
1850
1851
1852
1853
1854
1855
1856
1858
1859
1860
1861
1862
1863
1865
1866
1869
1870
1871
1872
1873
1874
1875
1876
1877
1879
1880
1881
1883
1884
1885
1886
1889
1890
1891
1892
1894
1898
1900
1901
1902
1903
1904
1905
1906
1907
1908
1909
1910
1912
1913
1914
1916
1918
1919
1920
1921
1922
1923
1924
1925
1926
1927
1928
1929
1930
1931
1932
1933
1934
1935
1936
1937
1938
1939
1940
1941
1942
1945
1946
1948
1950
1951
1952
1953
1954
1955
1956
1957
1959
1960
1962
1964
1965
1967
1968
1969
1970
1971
1972
1973
1974
1975
1976
1977
1978
1979
1980
1981
1982
1983
1984
1985
1986
1987
1988
1990
1991
1992
1993
1994
1995
1996
1998
1999
2000
2001
2002
2004
2005
2006
2007
2008
2009
2010
2011
2013
2014
2015
2016
2017
2018
2020
2021
2022
2023
2024
2025
2026
2027
2028
2031
2032
2033
2035
2036
2037
2038
2041
2042
2043
2044
2045
2047
2048
2049
2050
2051
2052
2053
2054
2055
2057
2059
2060
2061
2062
2063
2065
2066
2067
2068
2070
2073
2075
2076
2079
2080
2081
2082
2084
2085
2087
2088
2089
2090
2092
2093
2094
2095
2096
2098
2099
2100
2101
2102
2103
2104
2106
2107
2110
2113
2114
2115
2116
2117
2118
2119
2120
2121
2123
2124
2125
2126
2127
2128
2129
2130
2135
2136
2137
2138
2140
2141
2142
2143
2144
2145
2146
2147
2148
2149
2150
2151
2152
2153
2154
2157
2158
2159
2162
2163
2164
2165
2166
2167
2169
2170
2171
2172
2173
2174
2175
2176
2177
2178
2179
2180
2181
2182
2184
2185
2186
2187
2188
2189
2191
2192
2193
2194
2196
2197
2199
2201
2202
2203
2204
2205
2206
2208
2209
2210
2211
2212
2213
2214
2215
2216
2217
2218
2221
2222
2223
2224
2225
2226
2227
2228
2231
2232
2233
2235
2238
2239
2240
2241
2242
2243
2244
2245
2246
2247
2248
2249
2250
2251
2252
2254
2255
2256
2257
2258
2259
2260
2261
2262
2263
2264
2265
2266
2267
2268
2270
2272
2276
2277
2278
2279
2280
2281
2283
2284
2285
2286
2287
2288
2289
2291
2293
2294
2295
2297
2300
2301
2302
2303
2304
2305
2306
2307
2308
2310
2311
2312
2313
2314
2315
2316
2317
2318
2319
2320
2321
2322
2323
2324
2325
2326
2327
2328
2329
2330
2332
2333
2334
2335
2337
2338
2339
2340
2342
2343
2345
2346
2347
2348
2349
2351
2352
2353
2354
2355
2356
2358
2359
2360
2361
2362
2363
2364
2365
2366
2368
2369
2371
2372
2374
2375
2376
2377
2378
2379
2381
2382
2384
2386
2389
2391
2392
2394
2395
2396
2397
2398
2399
2400
2401
2402
2403
2404
2405
2406
2407
2409
2410
2411
2412
2413
2415
2417
2418
2419
2420
2421
2422
2423
2424
2426
2427
2428
2429
2430
2431
2432
2434
2435
2437
2438
2439
2440
2441
2442
2443
2444
2445
2446
2447
2448
2449
2451
2452
2453
2454
2455
2457
2458
2459
2460
2461
2462
2463
2464
2466
2467
2468
2469
2470
2471
2472
2475
2476
2479
2484
2485
2486
2488
2489
2491
2492
2493
2495
2496
2497
2498
2499
2500
2501
2503
2504
2505
2506
2508
2510
2511
2512
2513
2514
2515
2516
2517
2518
2519
2522
2525
2526
2527
2530
2531
2533
2534
2536
2537
2538
2540
2541
2545
2546
2547
2548
2549
2551
2552
2553
2554
2555
2556
2557
2558
2560
2561
2562
2564
2565
2567
2568
2569
2572
2573
2574
2575
2576
2580
2582
2584
2586
2587
2588
2594
2595
2596
2597
2598
2599
2600
2602
2605
2607
2608
2609
2611
2612
2613
2614
2615
2616
2617
2618
2619
2620
2621
2622
2623
2624
2625
2626
2627
2629
2630
2632
2633
2634
2635
2636
2638
2639
2640
2641
2642
2643
2644
2646
2648
2652
2655
2657
2659
2662
2663
2664
2665
2666
2667
2668
2671
2672
2674
2675
2676
2677
2679
2680
2681
2682
2683
2684
2685
2686
2688
2689
2690
2691
2692
2694
2695
2697
2700
2702
2705
2706
2707
2708
2710
2712
2713
2715
2716
2717
2718
2720
2721
2722
2723
2725
2726
2727
2729
2731
2732
2733
2735
2736
2737
2738
2740
2741
2743
2744
2745
2746
2747
2748
2749
2750
2754
2756
2757
2758
2759
2761
2762
2763
2764
2765
2767
2769
2770
2771
2775
2776
2777
2779
2780
2782
2784
2785
2786
2787
2788
2790
2791
2792
2793
2794
2795
2798
2799
2802
2803
2804
2805
2806
2807
2809
2811
2813
2814
2815
2816
2818
2819
2820
2821
2824
2826
2827
2829
2832
2838
2840
2842
2844
2847
2848
2851
2852
2855
2856
2857
2859
2860
2861
2863
2864
2865
2867
2868
2872
2873
2874
2875
2877
2878
2880
2882
2886
2888
2890
2891
2893
2894
2895
2896
2897
2899
2900
2901
2902
2903
2904
2905
2906
2908
2910
2911
2912
2913
2915
2916
2917
2918
2922
2924
2925
2927
2929
2930
2931
2934
2935
2936
2937
2938
2941
2942
2943
2945
2946
2948
2950
2953
2955
2956
2957
2959
2960
2962
2963
2964
2967
2968
2969
2973
2974
2976
2977
2978
2979
2981
2982
2983
2984
2991
2992
2993
2994
2997
2998
3000
3001
3002
3003
3004
3005
3007
3008
3009
3010
3011
3012
3014
3016
3017
3018
3019
3020
3021
3022
3024
3026
3028
3029
3030
3031
3032
3033
3035
3037
3042
3044
3045
3046
3047
3048
3049
3050
3051
3052
3054
3055
3056
3057
3058
3060
3061
3062
3063
3064
3066
3067
3069
3070
3071
3072
3073
3074
3075
3076
3078
3079
3080
3081
3083
3084
3085
3086
3087
3088
3090
3091
3092
3093
3094
3096
3097
3098
3099
3100
3101
3102
3104
3105
3106
3107
3111
3116
3117
3118
3119
3120
3121
3122
3124
3125
3127
3129
3130
3131
3132
3133
3134
3135
3138
3139
3140
3141
3142
3149
3151
3152
3153
3154
3155
3156
3158
3161
3162
3163
3164
3167
3168
3169
3170
3172
3173
3174
3177
3179
3202
3203
3205
3207
3208
3211
3212
3213
3341
3342
3343
3344
3345
3347
3348
3349
3447
3448
3449
3450
3451
3452
3455
3491
3492
3493
3509
3512
3513
3514
3516
3519
3521
3552
3555
3556
3558
3561
3563
3564
3565
3566
3567
3568
3569
3570
3583
3584
3586
3587
3588
3589
3591
3594
3595
3596
3597
3598
3599
3600
3601
3602
3611
3612
3613
3614
3615
3616
3618
3620
3623
3625
3626
3627
3629
3630
3631
3634
3635
3636
3638
3639
3640
3642
3643
3644
3645
3647
3651
3652
3653
3654
3656
3657
3659
3660
3663
3664
3665
3666
3668
3670
3671
3672
3673
3674
3675
3676
3677
3679
3680
3681
3682
3683
3684
3686
3687
3688
3689
3690
3691
3693
3694
3695
3696
3697
3698
3699
3700
3701
3703
3705
3706
3707
3709
3710
3712
3716
3719
3720
3721
3722
3724
3735
3736
3739
3741
3742
3743
3745
3746
3747
3748
3749
3750
3752
3753
3754
3758
3759
3760
3762
3764
3766
3768
3769
3770
3772
3773
3775
3776
3777
3778
3779
3780
3781
3782
3783
3784
3785
3787
3788
3789
3790
3791
3792
3793
3794
3795
3797
3799
3800
3801
3807
3808
3809
3810
3811
3814
3815
3816
3817
3818
3820
3822
3824
3825
3827
3828
3836
3837
3838
3839
3840
3841
3842
3843
3844
3847
3849
3851
3852
3853
3854
3855
3856
3857
3858
3860
3861
3862
3863
3864
3870
3871
3872
3874
3875
3877
3878
3879
3882
3883
3884
3886
3887
3890
3893
3894
3945
3946
3947
3949
3950
3951
3952
3954
3955
3956
3987
3988
3989
3990
3992
3993
3995
3996
3997
3998
4076
4077
4078
4079
4081
4127
4129
4131
4133
4135
4136
4137
4155
4156
4159
4161
4163
4164
4165
4166
4167
4168
4169
4170
4172
4173
4174
4175
4176
4177
4178
4180
4181
4182
4183
4185
4188
4189
4190
4191
4193
4194
4195
4196
4198
4199
4200
4203
4205
4206
4207
4210
4211
4212
4213
4214
4218
4219
4220
4221
4224
4225
4228
4230
4231
4232
4233
4234
4235
4238
4239
4240
4243
4244
4245
4246
4247
4248
4249
4250
4253
4256
4257
4259
4260
4261
4262
4263
4264
4265
4271
4277
4280
4281
4282
4283
4284
4285
4287
4288
4289
4290
4295
4296
4297
4298
4303
4304
4320
4321
4322
4323
4324
4325
4326
4330
4331
4332
4333
4341
4342
4343
4344
4345
4346
4347
4349
4391
4394
4396
4398
4399
4400
4401
4404
4405
4408
4410
4412
4413
4414
4418
4419
4420
4422
4423
4424
4425
4426
4427
4430
4432
4433
4435
4436
4437
4438
4441
4443
4445
4446
4447
4449
4450
4452
4453
4454
4455
4456
4460
4461
4464
4465
4466
4469
4470
4471
4472
4473
4478
4479
4480
4482
4483
4484
4486
4487
4488
4492
4494
4495
4496
4497
4499
4500
4501
4503
4504
4505
4507
4508
4510
4513
4514
4515
4518
4519
4520
4521
4522
4523
4524
4525
4527
4528
4529
4530
4533
4535
4536
4537
4540
4542
4543
4544
4546
4548
4549
4551
4553
4554
4555
4557
4558
4559
4560
4562
4564
4565
4566
4567
4569
4570
4572
4573
4574
4575
4577
4578
4580
4582
4583
4596
4597
4599
4600
4601
4602
4603
4604
4605
4606
4741
4742
4743
4744
4745
4746
4747
4749
4750
4751
4753
4754
4756
4757
4758
4759
4760
4761
4762
4764
4766
4767
4768
4769
4780
4781
4782
4783
4784
4785
4786
4787
4789
4790
4791
4796
4797
4798
4799
4800
4801
4802
4803
4804
4805
4806
4807
4808
4809
4813
4816
4817
4818
4819
4820
4821
4823
4824
4825
4826
4828
4830
4850
4851
4852
4853
4854
4855
4857
4858
4859
4860
4861
4866
4867
4868
4869
4871
4872
4873
4874
4877
4880
4881
4882
4884
4886
4890
4907
4908
4910
4911
4912
4913
4914
4916
4917
4918
4919
4920
4922
4923
4944
4945
4947
4948
4949
4950
4952
4953
4954
4955
4956
4959
4960
4963
4964
4965
4966
4967
4968
4969
4970
4972
4973
4976
4979
4983
4987
4988
4990
4991
4992
4994
4996
4997
4998
5000
5001
5002
5003
5004
5006
5036
5038
5039
5041
5042
5043
5044
5045
5046
5047
5048
5049
5050
5051
5053
5130
5131
5132
5133
5134
5137
5138
5140
5142
5143
5148
5149
5150
5151
5153
5155
5224
5225
5228
5229
5230
5233
5234
5238
5239
5240
5241
5242
5243
5249
5250
5253
5254
5268
5269
5270
5272
5297
5299
5300
5301
5302
5303
5304
5305
5307
5308
5310
5311
5312
5315
5316
5317
5322
5323
5324
5325
5326
5328
5330
5331
5334
5335
5336
5337
5338
5340
5341
5342
5343
5344
5345
5348
5349
5350
5351
5352
5354
5355
5357
5358
5359
5362
5363
5366
5367
5369
5371
5372
5373
5375
5380
5381
5382
5383
5384
5385
5386
5391
5392
5393
5394
5395
5396
5397
5399
5400
5401
5402
5403
5404
5405
5406
5407
5408
5410
5412
5415
5421
5423
5424
5425
5426
5427
5452
5453
5454
5455
5456
5457
5458
5459
5560
5561
5562
5563
5565
5566
5567
5568
5569
5570
5571
5572
5573
5574
5575
5577
5578
5579
5580
5581
5582
5586
5587
5590
5591
5592
5593
5594
5595
5596
5598
5600
5601
5602
5603
5604
5656
5662
5663
5664
5665
5666
5667
5668
5669
5670
5673
5675
5676
5678
5681
5682
5683
5684
5685
5686
5688
5689
5692
5693
5694
5695
5696
5698
5699
5700
5702
5704
5705
5707
5708
5709
5711
5714
5716
5717
5719
5720
5721
5726
5727
5728
5734
5736
5737
5738
5739
5740
5745
5746
5761
5763
5764
5765
5767
5769
5770
5771
5774
5775
5776
5777
5778
5779
5780
5781
5782
5787
5791
5792
5794
5795
5798
5799
5800
5801
5802
5803
5805
5806
5807
5808
5811
5813
5814
5815
5817
5818
5821
5823
5824
5826
5827
5828
5829
5830
5831
5833
5834
5835
5836
5837
5838
5839
5840
5842
5843
5844
5851
5852
5853
5854
5855
5858
5859
5860
5861
5862
5863
5865
5866
5867
5869
5870
5872
5874
5876
5933
5934
5935
5936
5937
5939
5940
5942
5943
5944
5945
6018
6020
6021
6023
6043
6046
6047
6048
6071
6073
6074
6075
6077
6078
6080
6081
6082
6083
6085
6086
6087
6089
6090
6091
6092
6093
6094
6096
6097
6098
6100
6101
6102
6104
6105
6106
6108
6112
6114
6115
6118
6120
6121
6122
6123
6124
6127
6128
6129
6131
6134
6135
6136
6137
6139
6140
6141
6142
6144
6153
6154
6155
6156
6157
6159
6161
6163
6164
6167
6168
6169
6170
6171
6172
6174
6175
6176
6177
6178
6179
6180
6183
6184
6185
6186
6187
6189
6190
6192
6194
6200
6201
6203
6204
6205
6206
6208
6209
6210
6211
6213
6214
6215
6216
6217
6218
6219
6221
6222
6228
6229
6230
6231
6232
6233
6237
6238
6240
6241
6242
6243
6244
6245
6248
6249
6250
6252
6254
6255
6256
6257
6258
6260
6261
6361
6362
6363
6364
6365
6366
6367
6368
6369
6370
6371
6373
6374
6375
6376
6377
6378
6379
6380
6384
6385
6386
6387
6388
6389
6390
6391
6392
6395
6396
6397
6398
6399
6400
6402
6403
6404
6475
6476
6478
6479
6480
6481
6482
6483
6485
6487
6489
6490
6491
6498
6499
6501
6503
6506
6507
6508
6509
6510
6511
6512
6513
6514
6515
6517
6518
6519
6520
6521
6522
6523
6524
6526
6527
6528
6530
6531
6533
6534
6536
6537
6538
6539
6540
6541
6542
6544
6545
6546
6547
6549
6550
6551
6552
6553
6554
6555
6556
6557
6558
6559
6560
6563
6564
6565
6566
6569
6570
6573
6574
6575
6576
6578
6579
6580
6582
6585
6586
6587
6588
6589
6591
6592
6594
6595
6596
6599
6602
6603
6604
6605
6608
6609
6612
6614
6615
6616
6617
6671
6672
6673
6676
6741
6742
6743
6744
6745
6746
6747
6749
6750
6751
6755
6756
6757
6758
6759
6760
6814
6815
6816
6817
6818
6819
6820
6821
6822
6823
6828
6831
6832
6833
6835
6838
6840
6841
6842
6843
6845
6846
6847
6848
6849
6851
6852
6853
6854
6855
6856
6857
6858
6861
6862
6863
6864
6865
6866
6867
6869
6871
6872
6874
6875
6876
6877
6878
6879
6881
6882
6883
6884
6885
6886
6887
6891
6892
6893
6894
6895
6896
6897
6898
6899
6901
6902
6903
6905
6908
6910
6912
6913
6914
6916
6917
6918
6919
6920
6921
6922
6924
6926
6927
6930
6933
6934
6935
6936
6938
6940
6941
6943
6944
6945
6946
6949
6950
6951
6952
6953
6954
6955
6957
6958
6966
6967
6969
6970
6971
6972
6974
6975
6976
6977
6978
6979
6980
6981
6988
6989
6990
6991
6995
6996
6997
6998
6999
7000
7001
7002
7003
7097
7098
7099
7100
7101
7102
7103
7104
7106
7107
7108
7109
7110
7111
7113
7114
7115
7116
7117
7119
7120
7121
7123
7125
7126
7127
7128
7133
7134
7135
7136
7137
7138
7139
7140
7141
7143
7144
7145
7150
7153
7154
7155
7156
7157
7158
7159
7161
7163
7164
7205
7206
7208
7209
7211
7212
7213
7282
7283
7284
7285
7286
7291
7292
7293
7294
7295
7314
7315
7316
7317
7318
7319
7321
7322
7323
7324
7335
7336
7341
7342
7344
7346
7348
7349
7350
7351
7352
7356
7357
7358
7359
7362
7369
7370
7371
7372
7373
7384
7385
7386
7389
7390
7391
7392
7393
7394
7396
7397
7399
7401
7403
7404
7407
7408
7409
7411
7412
7413
7416
7417
7419
7420
7421
7422
7424
7425
7426
7427
7428
7430
7432
7433
7434
7435
7436
7437
7439
7440
7441
7442
7444
7445
7446
7447
7449
7450
7451
7452
7453
7454
7455
7457
7458
7465
7466
7467
7468
7469
7470
7473
7474
7475
7476
7478
7479
7480
7633
7635
7637
7638
7639
7640
7643
7644
7645
7646
7647
7648
7649
7650
7651
7653
7654
7656
7657
7658
7659
7661
7662
7663
7664
7665
7666
7667
7670
7671
7672
7673
7676
7677
7678
7679
7680
7683
7686
7688
7689
7691
7692
7693
7694
7695
7696
7699
7702
7703
7704
7705
7707
7708
7709
7710
7711
7712
7713
7715
7717
7718
7719
7721
7723
7724
7725
7727
7731
7733
7736
7738
7739
7740
7741
7742
7744
7745
7746
7749
7750
7751
7754
7755
7756
7757
7758
7759
7760
7761
7762
7764
7765
7767
7768
7769
7770
7772
7774
7777
7778
7779
7780
7782
7783
7784
7785
7786
7787
7788
7789
7790
7791
7793
7794
7795
7796
7797
7799
7800
7801
7802
7805
7808
7811
7812
7813
7815
7816
7817
7819
7820
7822
7823
7825
7826
7827
7897
7898
7900
7902
7903
7904
7906
7907
7909
7910
7912
7913
7915
7916
7917
7918
7926
7927
7928
7929
7930
7931
7932
7934
7969
7971
7972
7974
7975
7976
7977
7978
7979
7980
7981
7982
7984
8054
8055
8056
8057
8058
8059
8060
8061
8062
8063
8067
8068
8070
8071
8073
8074
8077
8078
8079
8080
8081
8082
8083
8084
8085
8086
8088
8089
8090
8125
8126
8127
8128
8129
8131
8132
8133
8135
8136
8138
8140
8141
8142
8143
8144
8146
8147
8148
8149
8151
8154
8155
8156
8157
8158
8161
8162
8164
8165
8168
8169
8170
8171
8173
8174
8175
8176
8178
8179
8180
8181
8183
8184
8185
8186
8190
8191
8192
8193
8196
8197
8198
8199
8200
8201
8204
8205
8206
8208
8209
8210
8212
8214
8215
8216
8220
8221
8222
8223
8224
8225
8226
8227
8230
8231
8232
8234
8235
8236
8237
8238
8239
8243
8246
8248
8250
8251
8252
8253
8254
8255
8256
8257
8258
8260
8264
8265
8267
8268
8269
8271
8272
8273
8274
8275
8277
8278
8279
8280
8281
8282
8283
8284
8285
8286
8287
8288
8294
8296
8297
8299
8300
8301
8302
8304
8305
8306
8307
8308
8309
8310
8311
8312
8316
8367
8368
8370
8371
8373
8374
8448
8450
8451
8453
8456
8458
8459
8460
8461
8462
8463
8464
8467
8468
8469
8470
8471
8473
8475
8476
8477
8480
8481
8483
8484
8485
8486
8487
8488
8489
8491
8492
8493
8494
8495
8514
8517
8519
8520
8521
8522
8523
8524
8526
8528
8529
8530
8531
8532
8533
8534
8535
8536
8538
8539
8540
8544
8545
8546
8547
8549
8552
8553
8554
8555
8556
8557
8558
8561
8564
8565
8566
8567
8568
8569
8570
8571
8572
8573
8574
8575
8576
8577
8578
8579
8580
8581
8582
8583
8584
8585
8586
8588
8589
8590
8591
8593
8594
8595
8597
8600
8601
8604
8605
8606
8607
8608
8610
8611
8612
8613
8614
8616
8617
8618
8619
8620
8621
8628
8630
8631
8632
8633
8635
8637
8638
8639
8642
8644
8646
8735
8736
8737
8738
8740
8741
8742
8743
8744
8745
8746
8748
8749
8751
8752
8753
8754
8755
8756
8757
8760
8761
8762
8763
8764
8765
8766
8767
8768
8769
8770
8773
8774
8776
8777
8778
8785
8787
8788
8790
8792
8793
8794
8795
8797
8798
8799
8800
8801
8803
8804
8805
8806
8807
8808
8809
8810
8811
8813
8815
8816
8817
8818
8819
8820
8821
8822
8827
8828
8829
8830
8831
8832
8833
8834
8835
8836
8837
8868
8869
8871
8874
8875
8877
8878
8879
8880
8882
8883
8884
8885
8886
8888
8890
8894
8897
8899
8900
8903
8904
8905
8907
8908
8909
8910
8911
8912
8913
8915
8916
8918
8919
8921
8922
8924
8926
8927
8930
8931
8932
8934
8935
8937
8938
8939
8940
8941
8943
8945
8946
8947
8948
8949
8950
8951
8952
8954
8956
8957
8958
8961
8962
8963
8971
8972
8973
8974
8975
8976
8977
8978
8979
8980
8981
8983
8984
8987
8989
8990
8991
8993
8994
8996
8997
8998
9000
9002
9003
9004
9005
9006
9008
9012
9013
9014
9015
9016
9017
9096
9097
9099
9101
9102
9103
9137
9138
9140
9141
9142
9143
9144
9145
9146
9148
9150
9151
9152
9154
9155
9156
9158
9159
9160
9161
9162
9163
9164
9165
9166
9167
9168
9169
9171
9172
9173
9261
9262
9266
9267
9268
9283
9284
9285
9286
9287
9288
9289
9290
9293
9294
9295
9296
9297
9332
9333
9334
9335
9338
9339
9340
9341
9342
9343
9346
9348
9349
9350
9351
9352
9353
9354
9356
9357
9360
9361
9363
9364
9367
9368
9371
9372
9402
9403
9404
9405
9406
9407
9413
9414
9416
9417
9418
9420
9421
9427
9428
9429
9430
9431
9432
9433
9438
9440
9441
9442
9443
9444
9445
9446
9455
9456
9457
9463
9464
9465
9466
9467
9468
9469
9546
9547
9550
9551
9553
9554
9555
9556
9557
9558
9559
9562
9563
9564
9565
9566
9567
9568
9569
9571
9572
9573
9574
9575
9576
9577
9580
9581
9582
9585
9587
9588
9590
9591
9592
9593
9594
9601
9602
9603
9604
9605
9607
9608
9610
9622
9623
9624
9627
9628
9629
9630
9631
9632
9633
9635
9636
9637
9638
9639
9640
9718
9720
9722
9723
9726
9729
9730
9731
9732
9733
9734
9736
9737
9738
9739
9740
9741
9742
9745
9746
9748
9749
9750
9751
9752
9758
9761
9762
9763
9766
9767
9768
9772
9780
9781
9784
9786
9787
9788
9789
9790
9792
9796
9797
9798
9799
9800
9802
9803
9804
9805
9806
9807
9808
9812
9813
9814
9816
9817
9819
9820
9822
9823
9828
9832
9834
9835
9837
9841
9842
9843
9846
9847
9848
9849
9850
9851
9852
9853
9855
9857
9859
9860
9861
9862
9863
9864
9865
10004
10005
10006
10007
10010
10011
10012
10014
10015
10016
10017
10018
10020
10021
10022
10023
10024
10033
10034
10036
10037
10038
10039
10040
10041
10042
10043
10049
10051
10052
10053
10055
10057
10058
10060
10062
10063
10065
10066
10110
10111
10113
10114
10118
10119
10122
10123
10125
10126
10127
10128
10131
10132
10133
10134
10135
10137
10138
10140
10141
10142
10143
10144
10145
10146
10149
10155
10157
10159
10160
10161
10162
10163
10164
10165
10166
10167
10168
10169
10170
10198
10199
10201
10202
10203
10210
10211
10212
10215
10221
10222
10223
10224
10266
10267
10269
10270
10271
10272
10273
10274
10275
10276
10277
10278
10279
10280
10282
10283
10285
10286
10287
10288
10289
10290
10291
10292
10293
10294
10296
10298
10299
10300
10301
10302
10303
10304
10308
10309
10310
10311
10312
10315
10316
10319
10320
10394
10396
10399
10401
10402
10404
10405
10447
10448
10449
10451
10452
10453
10454
10455
10456
10457
10460
10461
10462
10463
10464
10468
10469
10472
10473
10475
10476
10478
10480
10483
10484
10485
10486
10489
10490
10491
10493
10494
10495
10497
10499
10502
10503
10504
10505
10507
10508
10509
10510
10511
10512
10513
10514
10515
10516
10517
10518
10522
10524
10525
10527
10529
10531
10532
10533
10536
10537
10538
10539
10540
10541
10544
10546
10547
10548
10549
10550
10551
10552
10553
10554
10555
10556
10557
10558
10559
10563
10564
10566
10568
10571
10572
10576
10577
10578
10579
10580
10581
10582
10583
10584
10593
10594
10595
10596
10597
10598
10647
10648
10650
10651
10653
10654
10731
10733
10735
10736
10737
10738
10739
10743
10744
10746
10747
10814
10815
10816
10817
10818
10819
10820
10821
10822
10823
10824
10825
10826
10827
10828
10829
10850
10851
10852
10853
10855
10888
10889
10890
10891
10892
10894
10897
10898
10903
10904
10905
10906
10907
10910
10911
10936
10937
10938
10939
10987
10989
10991
10992
10993
10994
11018
11019
11020
11021
11022
11023
11024
11025
11027
11028
11029
11031
11032
11033
11034
11035
11036
11038
11039
11040
11041
11042
11043
11045
11046
11047
11051
11054
11055
11057
11058
11059
11060
11061
11062
11063
11064
11067
11068
11070
11071
11075
11076
11077
11078
11079
11080
11082
11083
11087
11088
11100
11103
11104
11105
11106
11145
11146
11147
11149
11150
11151
11153
11154
11156
11157
11158
11160
11161
11162
11163
11164
11165
11167
11262
11300
11301
11303
11307
11308
11309
11310
11312
11314
11316
11317
11318
11372
11373
11374
11375
11376
11377
11378
11379
11382
11383
11385
11386
11397
11398
11399
11400
11450
11451
11452
11453
11456
11457
11458
11459
11460
11461
11463
11464
11465
11469
11471
11472
11473
11474
11475
11476
11477
11478
11480
11482
11484
11486
11487
11488
11489
11491
11492
11493
11494
11495
11497
11498
11502
11503
11504
11505
11506
11507
11508
11509
11510
11511
11512
11513
11514
11516
11518
11519
11520
11521
11524
11525
11526
11527
11529
11530
11531
11534
11535
11536
11537
11538
11539
11540
11541
11542
11543
11545
11547
11548
11549
11552
11553
11555
11557
11558
11559
11560
11562
11563
11564
11565
11566
11572
11573
11574
11575
11576
11578
11579
11580
11582
11583
11584
11585
11586
11588
11590
11591
11592
11593
11594
11595
11597
11598
11599
11601
11603
11607
11608
11609
11611
11612
11613
11615
11616
11617
11618
11620
11621
11622
11623
11624
11625
11627
11628
11629
11633
11635
11636
11637
11638
11639
11641
11642
11643
11645
11646
11648
11649
11651
11652
11653
11656
11657
11660
11662
11665
11670
11671
11672
11673
11674
11676
11679
11681
11682
11684
11685
11686
11687
11688
11692
11693
11695
11702
11703
11705
11706
11708
11709
11711
11712
11713
11714
11715
11716
11722
11723
11724
11726
11729
11733
11734
11736
11737
11739
11740
11741
11751
11752
11753
11754
11755
11758
11759
11760
11762
11763
11764
11765
11767
11770
11771
11772
11773
11774
11775
11776
11777
11778
11782
11783
11784
11785
11786
11787
11788
11789
11790
11791
11792
11793
11794
11795
11796
11797
11798
11799
11801
11802
11803
11805
11806
11807
11808
11809
11810
11811
11812
11813
11814
11815
11816
11817
11818
11819
11820
11821
11822
11823
11824
11826
11827
11829
11830
11831
11834
11835
11836
11838
11839
11840
11841
11863
11865
11866
11867
11868
11872
11874
11875
11876
11878
11879
11880
11881
11882
11883
11884
11885
11886
11888
11889
11890
11891
11892
11893
11894
11911
11913
11914
11915
11917
11918
11920
11921
11922
11923
11925
11926
11929
11931
11933
11934
11935
11936
11937
11938
11939
11940
11941
11942
11943
11944
11945
11946
11947
11948
11949
11950
11951
11953
11954
11955
11956
11957
11958
11959
11960
11962
11963
11964
11965
11968
11969
11970
11972
11974
11975
11976
11977
11978
11979
11980
11982
11983
11984
11985
11986
11988
11989
11991
11992
11993
11994
11995
11997
12000
12001
12003
12004
12006
12007
12008
12009
12010
12011
12012
12013
12015
12016
12017
12018
12019
12026
12027
12029
12030
12031
12038
12039
12040
12041
12042
12043
12045
12046
12047
12048
12050
12052
12053
12054
12055
12056
12057
12058
12059
12060
12061
12062
12063
12064
12065
12066
12070
12071
12073
12075
12076
12077
12078
12079
12081
12085
12086
12087
12089
12090
12092
12095
12097
12099
12101
12103
12105
12106
12110
12112
12113
12114
12116
12118
12119
12120
12121
12122
12123
12124
12125
12126
12127
12128
12129
12130
12131
12132
12133
12134
12135
12137
12138
12139
12140
12141
12144
12145
12147
12153
12154
12155
12156
12157
12158
12159
12163
12164
12165
12166
12167
12168
12169
12171
12172
12173
12174
12177
12179
12180
12181
12182
12183
12184
12185
12186
12187
12189
12192
12193
12198
12199
12200
12201
12206
12207
12209
12210
12211
12212
12213
12214
12215
12217
12218
12219
12220
12221
12222
12223
12224
12225
12229
12231
12232
12234
12235
12236
12271
12272
12274
12275
12278
12279
12280
12281
12283
12284
12285
12287
12290
12292
12293
12294
12296
12297
12298
12300
12301
12302
12303
12304
12315
12316
12318
12319
12320
12321
12323
12324
12327
12328
12330
12331
12332
12333
12334
12335
12336
12337
12339
12340
12341
12342
12343
12346
12347
12348
12349
12350
12351
12352
12353
12354
12355
12356
12357
12358
12359
12360
12362
12363
12364
12365
12366
12367
12370
12371
12380
12382
12383
12386
12387
12388
12389
12390
12391
12392
12393
12396
12400
12401
12403
12404
12406
12411
12412
12413
12414
12415
12416
12420
12422
12423
12429
12430
12431
12432
12433
12434
12435
12436
12437
12438
12439
12442
12443
12444
12447
12450
12451
12454
12455
12456
12457
12460
12461
12462
12463
12464
12465
12466
12468
12469
12473
12475
12476
12477
12478
12480
12481
12482
12483
12484
12485
12487
12489
12490
12491
12492
12493
12494
12496
12497
12498
12499
12500
12501
12502
12503
12504
12505
12506
12508
12509
12510
12511
12513
12514
12518
12519
12521
12524
12525
12526
12528
12529
12530
12531
12533
12534
12535
12536
12537
12538
12542
12543
12544
12546
12547
12548
12549
12550
12552
12553
12554
12555
12556
12557
12558
12559
12560
12561
12562
12563
12564
12565
12566
12567
12569
12570
12572
12573
12574
12575
12576
12581
12582
12585
12586
12587
12588
12589
12591
12592
12594
12595
12596
12597
12598
12599
12600
12601
12602
12603
12605
12607
12608
12609
12610
12611
12613
12614
12615
12616
12619
12620
12622
12623
12625
12626
12627
12628
12629
12632
12633
12635
12636
12637
12639
12640
12641
12642
12643
12644
12646
12647
12649
12651
12652
12653
12654
12655
12656
12658
12660
12661
12662
12664
12665
12668
12669
12670
12672
12674
12675
12676
12677
12680
12681
12683
12684
12688
12691
12693
12695
12696
12699
12701
12702
12703
12704
12705
12706
12707
12708
12709
12711
12712
12713
12715
12716
12717
12718
12719
12720
12723
12724
12725
12726
12728
12729
12730
12732
12733
12734
12735
12740
12741
12742
12744
12745
12746
12747
12748
12749
12752
12754
12755
12758
12759
12760
12761
12762
12766
12767
12768
12769
12770
12771
12774
12776
12778
12780
12781
12782
12783
12784
12785
12786
12788
12789
12790
12792
12793
12794
12796
12797
12798
12800
12801
12802
12804
12806
12807
12809
12810
12811
12813
12814
12815
12816
12817
12818
12819
12821
12822
12823
12825
12826
12827
12828
12830
12831
12832
12833
12834
12835
12836
12837
12838
12839
12841
12843
12844
12846
12847
12848
12849
12850
12851
12852
12853
12854
12856
12857
12858
12859
12861
12862
12863
12864
12865
12866
12868
12869
12870
12871
12872
12873
12874
12875
12876
12877
12879
12880
12881
12882
12884
12885
12886
12887
12888
12889
12890
12891
12892
12893
12896
12897
12898
12900
12901
12902
12903
12905
12906
12908
12909
12910
12911
12912
12913
12914
12916
12918
12919
12920
12921
12922
12923
12927
12928
12929
12930
12931
12933
12934
12935
12937
12938
12940
12942
12943
12944
12946
12947
12948
12949
12950
12952
12953
12954
12957
12958
12959
12961
12962
12963
12964
12965
12975
12979
12980
12982
12983
12985
12986
12987
12988
12989
12991
12992
12993
12994
12995
12996
12998
12999
13000
13001
13002
13003
13004
13005
13006
13007
13008
13009
13010
13011
13012
13015
13016
13017
13018
13021
13023
13024
13025
13026
13028
13029
13030
13031
13032
13033
13034
13035
13036
13037
13038
13039
13040
13041
13043
13045
13047
13048
13049
13053
13055
13056
13057
13058
13059
13060
13061
13063
13065
13066
13067
13068
13069
13070
13071
13072
13073
13074
13075
13076
13077
13078
13088
13089
13090
13091
13092
13093
13094
13095
13096
13097
13099
13100
13101
13102
13103
13104
13106
13107
13108
13110
13111
13112
13113
13116
13117
13118
13119
13120
13121
13122
13123
13126
13128
13130
13131
13132
13133
13135
13136
13137
13138
13140
13141
13149
13150
13151
13152
13153
13154
13156
13157
13158
13159
13160
13164
13165
13167
13168
13169
13170
13171
13172
13173
13174
13175
13176
13177
13178
13179
13180
13181
13182
13184
13185
13186
13188
13189
13190
13191
13192
13196
13197
13198
13199
13200
13201
13202
13203
13204
13205
13206
13207
13210
13212
13213
13214
13215
13217
13218
13220
13221
13222
13223
13226
13228
13229
13230
13231
13232
13235
13236
13237
13238
13239
13240
13241
13243
13244
13245
13246
13247
13248
13249
13250
13251
13253
13254
13255
13256
13257
13258
13259
13260
13261
13262
13263
13264
13265
13267
13268
13269
13270
13271
13272
13273
13275
13276
13277
13280
13281
13282
13283
13284
13285
13286
13288
13290
13291
13292
13293
13295
13296
13297
13298
13299
13301
13308
13310
13313
13314
13315
13316
13317
13318
13319
13320
13321
13322
13323
13324
13325
13326
13327
13328
13329
13333
13335
13337
13338
13339
13340
13341
13342
13343
13345
13348
13350
13354
13357
13358
13359
13360
13361
13362
13363
13365
13366
13367
13368
13371
13372
13373
13374
13376
13379
13380
13382
13383
13384
13385
13387
13388
13390
13391
13392
13393
13395
13396
13397
13398
13399
13400
13401
13402
13403
13404
13406
13407
13408
13410
13411
13412
13413
13414
13416
13417
13418
13419
13420
13421
13422
13423
13424
13425
13426
13427
13428
13430
13432
13435
13436
13437
13438
13439
13440
13441
13443
13444
13446
13448
13449
13450
13451
13452
13453
13454
13455
13456
13457
13458
13460
13461
13462
13463
13464
13466
13467
13468
13469
13470
13471
13472
13474
13475
13476
13477
13478
13479
13481
13482
13483
13484
13485
13487
13488
13492
13493
13494
13495
13496
13498
13499
13500
13501
13502
13504
13505
13506
13507
13510
13511
13512
13513
13514
13515
13516
13517
13518
13519
13522
13523
13524
13525
13526
13527
13528
13529
13531
13532
13534
13535
13536
13537
13538
13539
13542
13543
13544
13545
13546
13548
13549
13551
13553
13555
13556
13557
13558
13559
13560
13561
13562
13564
13566
13567
13568
13569
13570
13571
13572
13573
13574
13575
13577
13578
13579
13580
13582
13585
13586
13587
13589
13592
13593
13595
13596
13599
13600
13601
13602
13603
13605
13606
13607
13608
13609
13610
13611
13612
13613
13614
13615
13616
13617
13619
13620
13622
13624
13625
13626
13629
13630
13632
13633
13634
13636
13637
13639
13640
13642
13643
13645
13647
13648
13649
13650
13651
13652
13653
13654
13656
13657
13659
13660
13661
13663
13664
13666
13667
13672
13673
13674
13675
13676
13677
13679
13680
13682
13684
13685
13687
13688
13689
13692
13693
13696
13698
13699
13700
13701
13703
13704
13705
13706
13707
13708
13709
13710
13711
13712
13713
13714
13716
13718
13719
13720
13721
13722
13723
13724
13726
13727
13728
13729
13731
13732
13734
13735
13737
13738
13741
13742
13743
13744
13745
13746
13747
13749
13750
13751
13752
13753
13754
13755
13756
13757
13758
13759
13761
13762
13763
13764
13765
13766
13768
13769
13770
13771
13773
13774
13775
13776
13778
13779
13780
13781
13782
13783
13784
13785
13788
13789
13790
13791
13792
13793
13794
13795
13796
13797
13798
13800
13801
13804
13805
13806
13807
13809
13810
13811
13812
13814
13815
13816
13817
13818
13819
13820
13821
13822
13824
13825
13826
13827
13828
13831
13833
13837
13841
13843
13844
13845
13846
13847
13848
13849
13850
13853
13855
13857
13858
13859
13860
13861
13862
13863
13864
13865
13866
13867
13870
13874
13875
13877
13878
13879
13880
13881
13882
13883
13884
13886
13887
13891
13894
13895
13897
13898
13899
13900
13901
13902
13903
13904
13905
13906
13907
13909
13910
13911
13912
13913
13914
13916
13920
13921
13923
13924
13926
13928
13929
13932
13935
13936
13937
13938
13939
13940
13941
13942
13943
13944
13945
13946
13950
13952
13955
13957
13959
13960
13963
13965
13966
13967
13968
13969
13971
13972
13973
13974
13975
13976
13977
13978
13980
13981
13982
13983
13984
13986
13989
13992
13994
13995
13996
13997
13999
14000
14001
14003
14004
14005
14006
14007
14008
14009
14010
14011
14012
14013
14014
14015
14016
14017
14019
14020
14023
14024
14025
14026
14028
14030
14031
14032
14033
14035
14036
14037
14038
14039
14040
14041
14042
14043
14044
14045
14046
14047
14049
14050
14051
14052
14053
14055
14057
14058
14059
14060
14061
14062
14063
14064
14065
14066
14067
14068
14069
14070
14071
14072
14073
14074
14076
14077
14081
14083
14086
14088
14089
14090
14091
14093
14094
14097
14099
14100
14101
14102
14103
14104
14105
14106
14107
14109
14110
14111
14112
14113
14114
14115
14116
14118
14120
14122
14123
14125
14126
14127
14129
14130
14131
14132
14134
14136
14137
14138
14139
14141
14143
14144
14145
14147
14148
14150
14153
14154
14155
14156
14157
14158
14159
14160
14161
14162
14163
14164
14165
14166
14167
14168
14170
14173
14174
14175
14176
14177
14179
14180
14181
14182
14183
14184
14186
14187
14188
14189
14190
14191
14193
14194
14195
14196
14197
14200
14202
14203
14204
14207
14208
14209
14211
14212
14213
14215
14216
14217
14218
14219
14220
14221
14222
14224
14225
14227
14228
14230
14232
14233
14234
14235
14236
14237
14238
14239
14240
14241
14242
14243
14244
14245
14247
14249
14250
14251
14252
14253
14254
14259
14260
14262
14263
14264
14265
14266
14267
14268
14269
14270
14271
14272
14273
14274
14275
14276
14277
14278
14279
14280
14281
14283
14285
14286
14287
14288
14289
14290
14292
14293
14294
14295
14296
14299
14300
14301
14302
14303
14305
14306
14307
14309
14310
14311
14312
14313
14314
14315
14316
14317
14318
14319
14320
14321
14322
14325
14326
14328
14330
14331
14332
14334
14335
14336
14338
14339
14340
14341
14342
14343
14344
14345
14346
14353
14355
14356
14357
14358
14359
14360
14361
14362
14363
14364
14365
14366
14367
14368
14369
14370
14371
14374
14375
14376
14377
14378
14379
14380
14381
14382
14383
14384
14385
14387
14388
14389
14391
14392
14393
14395
14396
14397
14399
14400
14401
14403
14404
14405
14406
14407
14408
14411
14412
14413
14414
14415
14416
14417
14418
14419
14420
14421
14422
14423
14424
14425
14426
14427
14428
14429
14430
14431
14432
14434
14435
14436
14437
14438
14439
14440
14441
14442
14444
14445
14446
14448
14450
14451
14454
14455
14456
14457
14458
14459
14461
14462
14463
14464
14465
14466
14468
14469
14471
14472
14474
14476
14477
14478
14479
14480
14481
14482
14483
14484
14485
14486
14487
14488
14489
14491
14492
14494
14496
14497
14498
14499
14500
14501
14502
14503
14505
14506
14507
14508
14509
14510
14511
14512
14513
14514
14515
14516
14517
14518
14521
14522
14525
14526
14527
14528
14531
14533
14535
14537
14538
14539
14540
14541
14542
14543
14544
14545
14547
14549
14550
14553
14554
14555
14556
14558
14559
14560
14561
14562
14564
14565
14566
14567
14568
14569
14571
14573
14574
14577
14578
14579
14580
14581
14582
14583
14584
14586
14587
14588
14589
14591
14592
14593
14594
14595
14597
14599
14600
14601
14604
14605
14606
14607
14608
14611
14612
14613
14615
14616
14617
14619
14620
14622
14624
14625
14626
14627
14628
14629
14630
14632
14634
14635
14637
14638
14639
14642
14643
14644
14645
14651
14652
14653
14654
14655
14657
14658
14660
14661
14662
14665
14667
14668
14670
14671
14675
14676
14677
14678
14679
14680
14681
14682
14684
14686
14687
14688
14689
14690
14692
14693
14694
14695
14696
14697
14701
14702
14703
14704
14705
14707
14708
14709
14710
14711
14712
14714
14715
14718
14720
14722
14723
14725
14726
14727
14729
14730
14731
14732
14733
14738
14745
14746
14747
14748
14749
14750
14751
14752
14753
14754
14756
14758
14760
14763
14764
14766
14767
14770
14772
14773
14777
14778
14779
14780
14781
14782
14783
14786
14787
14788
14789
14790
14792
14793
14794
14795
14796
14800
14803
14804
14805
14806
14807
14808
14809
14810
14811
14812
14813
14814
14815
14817
14818
14819
14820
14821
14822
14823
14824
14825
14826
14827
14828
14829
14832
14833
14834
14835
14836
14837
14838
14839
14840
14841
14842
14843
14844
14845
14846
14847
14848
14850
14851
14852
14853
14854
14855
14859
14861
14862
14863
14864
14865
14866
14867
14868
14869
14870
14871
14872
14873
14874
14876
14877
14879
14881
14883
14884
14885
14886
14888
14889
14890
14891
14892
14893
14894
14896
14897
14898
14899
14900
14901
14902
14903
14904
14905
14906
14907
14908
14909
14910
14911
14912
14913
14914
14915
14918
14919
14920
14922
14923
14924
14925
14926
14928
14929
14930
14932
14933
14939
14941
14942
14943
14944
14945
14946
14947
14950
14952
14953
14954
14957
14958
14959
14961
14963
14964
14965
14966
14967
14971
14972
14973
14974
14975
14976
14977
14979
14985
14987
14988
14991
14992
14993
14995
14996
14997
14998
14999
15000
15001
15002
15003
15005
15006
15007
15009
15014
15015
15016
15017
15018
15019
15024
15025
15026
15027
15028
15029
15031
15032
15033
15035
15038
15039
15041
15042
15043
15044
15045
15046
15047
15048
15049
15050
15051
15053
15054
15055
15056
15057
15058
15059
15060
15062
15063
15064
15065
15066
15068
15069
15070
15071
15072
15073
15075
15077
15078
15079
15081
15082
15083
15084
15085
15086
15087
15088
15089
15090
15091
15092
15093
15094
15095
15096
15097
15098
15099
15100
15102
15103
15106
15107
15108
15110
15112
15113
15115
15118
15119
15120
15122
15124
15128
15129
15130
15131
15132
15133
15134
15135
15137
15139
15140
15141
15143
15144
15145
15147
15148
15149
15150
15152
15153
15154
15155
15156
15157
15158
15159
15160
15161
15162
15164
15167
15168
15169
15170
15171
15173
15176
15177
15179
15180
15181
15183
15184
15186
15187
15188
15189
15190
15191
15192
15194
15195
15196
15197
15200
15202
15204
15206
15207
15208
15209
15210
15211
15212
15213
15216
15217
15218
15219
15220
15221
15222
15224
15225
15226
15227
15229
15232
15233
15234
15235
15236
15237
15238
15239
15240
15242
15243
15244
15246
15247
15248
15249
15251
15252
15253
15254
15255
15256
15257
15258
15259
15260
15261
15262
15263
15264
15265
15266
15267
15268
15269
15270
15272
15273
15274
15275
15276
15277
15278
15279
15280
15281
15283
15284
15285
15286
15288
15289
15291
15294
15295
15296
15298
15299
15302
15303
15304
15305
15306
15307
15309
15310
15312
15313
15314
15315
15317
15318
15319
15320
15324
15325
15326
15327
15329
15333
15335
15340
15341
15343
15345
15346
15347
15348
15349
15350
15351
15352
15353
15356
15357
15358
15359
15360
15361
15362
15363
15366
15367
15368
15370
15371
15372
15373
15374
15376
15377
15378
15379
15381
15383
15384
15385
15387
15390
15391
15392
15394
15396
15398
15399
15400
15403
15405
15406
15407
15408
15409
15410
15411
15412
15413
15416
15417
15419
15420
15422
15423
15424
15425
15427
15428
15429
15430
15431
15432
15433
15434
15435
15436
15437
15438
15439
15440
15441
15442
15443
15444
15445
15448
15449
15451
15454
15458
15459
15460
15461
15462
15463
15464
15481
15482
15483
15485
15487
15572
15573
15574
15575
15576
15577
15578
15579
15580
15581
15585
15587
15588
15589
15592
15595
15596
15598
15599
15601
15602
15604
15605
15606
15607
15608
15609
15610
15611
15614
15616
15617
15618
15619
15620
15622
15623
15624
15630
15632
15634
15635
15636
15637
15638
15641
15642
15644
15645
15646
15647
15648
15650
15651
15653
15654
15655
15657
15658
15660
15661
15662
15665
15666
15667
15668
15672
15673
15674
15675
15676
15677
15679
15680
15681
15682
15683
15684
15685
15686
15689
15691
15692
15695
15697
15698
15699
15700
15701
15702
15703
15704
15705
15706
15711
15712
15713
15716
15718
15720
15721
15722
15723
15729
15732
15735
15736
15737
15738
15741
15742
15743
15744
15745
15749
15750
15751
15752
15754
15755
15756
15759
15760
15761
15763
15765
15766
15767
15768
15769
15770
15771
15772
15773
15774
15775
15776
15777
15778
15779
15782
15783
15790
15791
15793
15795
15797
15798
15799
15800
15801
15804
15805
15806
15807
15808
15809
15810
15811
15813
15814
15815
15816
15817
15818
15819
15820
15821
15822
15823
15824
15825
15827
15828
15829
15832
15834
15835
15836
15838
15841
15844
15845
15846
15847
15848
15851
15852
15853
15854
15855
15856
15857
15858
15860
15863
15864
15867
15868
15869
15870
15872
15873
15874
15875
15883
15884
15885
15886
15887
15889
15891
15894
15895
15897
15901
15902
15905
15907
15909
15910
15911
15912
15913
15915
15916
15917
15918
15919
15921
15925
15926
15927
15928
15929
15930
15933
15935
15936
15940
15941
15942
15943
15944
15945
15946
15948
15949
15950
15951
15952
15954
15955
15957
15958
15959
15960
15961
15963
15964
15966
15967
15968
15969
15972
15974
15976
15977
15979
15980
15982
15983
15984
15985
15986
15987
15988
15990
15991
15992
15993
15995
15996
15997
15998
15999
16001
16002
16003
16004
16005
16007
16009
16012
16014
16017
16018
16019
16020
16021
16022
16023
16024
16026
16027
16029
16031
16034
16035
16037
16040
16041
16042
16043
16044
16045
16047
16048
16049
16050
16051
16052
16053
16054
16055
16056
16059
16060
16061
16062
16064
16065
16067
16069
16071
16072
16073
16074
16075
16077
16078
16079
16081
16082
16083
16084
16085
16087
16089
16091
16094
16095
16096
16097
16098
16102
16104
16105
16106
16107
16108
16111
16113
16114
16115
16117
16118
16121
16122
16124
16125
16126
16127
16128
16129
16130
16132
16133
16134
16135
16136
16137
16138
16139
16140
16141
16142
16146
16147
16149
16151
16153
16154
16155
16161
16162
16163
16164
16165
16166
16167
16168
16169
16171
16172
16173
16174
16175
16176
16177
16181
16183
16184
16185
16191
16196
16197
16200
16201
16204
16205
16206
16207
16209
16210
16213
16214
16218
16219
16220
16221
16223
16226
16227
16228
16230
16231
16232
16237
16239
16240
16241
16243
16247
16250
16251
16253
16254
16256
16257
16258
16263
16264
16265
16266
16269
16270
16271
16272
16273
16274
16275
16277
16278
16279
16281
16285
16286
16287
16289
16290
16291
16292
16293
16294
16295
16299
16300
16301
16303
16304
16305
16307
16309
16310
16311
16312
16313
16314
16315
16316
16317
16318
16321
16323
16324
16325
16326
16327
16330
16331
16332
16333
16334
16335
16336
16339
16340
16342
16344
16345
16346
16347
16349
16350
16351
16353
16354
16355
16359
16360
16361
16362
16364
16365
16366
16367
16368
16371
16373
16374
16375
16378
16380
16381
16382
16383
16385
16386
16387
16388
16389
16391
16393
16395
16396
16397
16398
16399
16400
16401
16402
16404
16405
16407
16408
16410
16411
16412
16413
16414
16415
16416
16418
16420
16422
16423
16425
16426
16427
16428
16429
16430
16431
16434
16435
16436
16440
16441
16442
16443
16444
16446
16448
16449
16450
16451
16453
16456
16459
16460
16461
16462
16463
16466
16467
16469
16470
16471
16472
16476
16477
16481
16482
16486
16489
16490
16491
16495
16496
16497
16498
16499
16501
16503
16506
16517
16518
16519
16522
16523
16525
16526
16528
16530
16531
16533
16534
16535
16536
16537
16541
16544
16545
16547
16548
16551
16552
16553
16555
16557
16558
16559
16561
16562
16563
16564
16566
16569
16570
16571
16573
16574
16576
16577
16580
16581
16582
16584
16586
16587
16588
16589
16590
16591
16592
16595
16596
16599
16600
16601
16602
16603
16604
16606
16607
16608
16609
16610
16611
16612
16614
16615
16616
16617
16618
16619
16620
16621
16622
16623
16624
16625
16626
16629
16631
16632
16638
16639
16640
16641
16642
16644
16645
16648
16649
16650
16651
16652
16653
16655
16656
16658
16659
16660
16661
16662
16663
16664
16665
16666
16668
16670
16671
16673
16674
16675
16676
16677
16678
16680
16682
16686
16687
16688
16690
16692
16698
16699
16700
16702
16704
16705
16706
16707
16708
16709
16710
16713
16714
16715
16717
16718
16719
16721
16722
16723
16724
16725
16726
16727
16728
16729
16733
16735
16737
16738
16739
16741
16743
16752
16753
16754
16755
16757
16758
16761
16764
16765
16766
16767
16768
16770
16772
16773
16774
16775
16777
16778
16780
16781
16782
16783
16784
16785
16786
16788
16793
16794
16795
16796
16798
16799
16802
16803
16804
16805
16806
16808
16810
16811
16812
16813
16814
16815
16816
16817
16818
16819
16820
16821
16822
16825
16826
16827
16828
16829
16832
16833
16834
16835
16836
16838
16839
16840
16841
16842
16843
16844
16845
16847
16848
16858
16861
16863
16864
16872
16874
16877
16879
16880
16881
16882
16883
16884
16885
16886
16887
16888
16890
16891
16893
16894
16895
16897
16899
16900
16901
16902
16903
16904
16905
16906
16907
16908
16909
16910
16911
16912
16913
16916
16921
16922
16923
16924
16925
16926
16928
16933
16934
16935
16936
16937
16939
16940
16943
16944
16945
16946
16947
16948
16949
16951
16953
16954
16955
16956
16957
16958
16959
16960
16962
16963
16965
16967
16968
16969
16970
16971
16973
16974
16975
16979
16981
16982
16983
16984
16985
16988
16989
16990
16991
16992
16993
16997
17000
17001
17002
17003
17004
17008
17009
17010
17012
17013
17014
17015
17016
17017
17018
17019
17020
17021
17022
17024
17025
17026
17027
17029
17030
17032
17033
17034
17035
17037
17038
17039
17040
17041
17042
17043
17044
17045
17046
17047
17048
17049
17051
17052
17053
17054
17055
17056
17057
17058
17059
17060
17061
17062
17063
17064
17065
17066
17067
17068
17069
17070
17071
17072
17073
17074
17075
17076
17077
17078
17079
17080
17081
17082
17083
17084
17085
17086
17087
17088
17089
17090
17091
17093
17094
17095
17096
17097
17098
17099
17100
17101
17102
17103
17104
17105
17106
17107
17108
17109
17110
17111
17112
17113
17114
17115
17116
17117
17121
17122
17126
17127
17128
17130
17133
17135
17136
17137
17138
17139
17140
17141
17142
17143
17144
17145
17146
17147
17149
17150
17151
17153
17156
17157
17158
17159
17160
17161
17162
17164
17165
17167
17169
17171
17172
17173
17174
17176
17177
17178
17179
17180
17181
17182
17183
17184
17185
17186
17187
17188
17189
17190
17194
17195
17197
17198
17199
17200
17201
17202
17203
17204
17205
17206
17207
17208
17210
17212
17213
17214
17215
17216
17217
17218
17219
17220
17223
17224
17225
17226
17227
17228
17229
17231
17233
17236
17238
17239
17240
17244
17246
17247
17248
17249
17250
17251
17252
17253
17254
17255
17256
17257
17259
17261
17262
17264
17265
17266
17267
17273
17275
17276
17277
17278
17279
17280
17281
17283
17284
17286
17287
17288
17289
17290
17291
17292
17293
17294
17296
17299
17300
17301
17302
17303
17304
17305
17306
17307
17308
17309
17310
17311
17312
17313
17314
17315
17316
17317
17318
17319
17320
17321
17322
17325
17326
17327
17328
17329
17332
17334
17335
17336
17337
17338
17339
17340
17341
17343
17344
17345
17346
17347
17348
17349
17350
17351
17354
17355
17356
17357
17358
17359
17360
17362
17363
17364
17365
17366
17367
17368
17369
17371
17372
17375
17376
17378
17382
17384
17385
17386
17387
17388
17389
17391
17392
17393
17397
17398
17399
17400
17401
17402
17403
17405
17406
17407
17408
17409
17410
17411
17412
17414
17415
17416
17418
17420
17423
17427
17428
17429
17431
17432
17433
17434
17435
17436
17437
17438
17439
17441
17442
17444
17445
17446
17447
17448
17452
17453
17454
17455
17456
17457
17458
17459
17460
17461
17462
17463
17464
17465
17466
17471
17473
17474
17475
17476
17478
17480
17483
17484
17485
17486
17490
17491
17492
17493
17494
17495
17496
17497
17498
17499
17500
17501
17503
17504
17506
17507
17508
17509
17510
17511
17512
17515
17516
17517
17518
17519
17520
17521
17522
17523
17526
17527
17528
17529
17530
17532
17533
17536
17537
17538
17539
17541
17542
17545
17546
17548
17549
17551
17552
17555
17556
17558
17559
17560
17561
17562
17563
17564
17565
17566
17568
17569
17570
17571
17573
17574
17575
17576
17577
17579
17580
17582
17583
17584
17585
17586
17590
17591
17594
17595
17596
17597
17598
17599
17600
17602
17603
17605
17606
17607
17608
17610
17611
17612
17613
17614
17615
17616
17617
17618
17619
17620
17622
17623
17624
17625
17626
17627
17628
17630
17631
17632
17633
17634
17636
17637
17638
17650
17651
17652
17653
17654
17655
17656
17657
17658
17659
17660
17661
17662
17663
17664
17665
17667
17668
17669
17670
17672
17674
17675
17676
17678
17679
17680
17681
17682
17683
17685
17687
17688
17689
17691
17692
17694
17695
17696
17697
17698
17699
17700
17703
17704
17705
17706
17707
17708
17709
17710
17711
17713
17714
17715
17716
17717
17720
17721
17722
17723
17724
17725
17726
17727
17728
17729
17732
17736
17738
17739
17740
17741
17742
17743
17744
17745
17746
17747
17749
17750
17751
17752
17753
17754
17755
17756
17757
17758
17759
17760
17761
17762
17763
17764
17765
17766
17771
17772
17773
17774
17775
17777
17778
17779
17780
17781
17782
17783
17784
17786
17787
17788
17789
17792
17793
17795
17797
17798
17799
17800
17803
17804
17805
17806
17807
17808
17809
17810
17812
17813
17814
17815
17817
17818
17819
17820
17821
17822
17823
17824
17825
17826
17827
17829
17830
17831
17832
17833
17834
17836
17839
17841
17842
17843
17844
17845
17846
17847
17848
17849
17851
17852
17853
17854
17856
17857
17858
17859
17861
17862
17863
17865
17867
17868
17869
17872
17879
17881
17882
17886
17887
17888
17889
17891
17893
17896
17897
17898
17899
17900
17902
17905
17906
17907
17908
17909
17910
17911
17916
17917
17918
17919
17920
17921
17922
17923
17924
17925
17926
17927
17928
17934
17935
17936
17937
17938
17939
17940
17941
17942
17943
17944
17946
17947
17948
17954
17955
17957
17958
17959
17960
17961
17963
17965
17966
17967
17968
17969
17970
17971
17973
17975
17976
17977
17978
17979
17980
17981
17982
17983
17984
17985
17986
17992
17993
17995
17996
17998
18001
18004
18005
18007
18008
18010
18012
18014
18016
18017
18018
18020
18021
18022
18023
18024
18025
18026
18027
18028
18030
18033
18034
18035
18036
18037
18039
18040
18041
18042
18044
18045
18046
18048
18049
18050
18051
18052
18053
18054
18055
18056
18061
18066
18070
18071
18074
18077
18078
18079
18080
18082
18083
18087
18089
18091
18092
18094
18096
18100
18102
18103
18104
18106
18107
18108
18109
18113
18114
18116
18117
18119
18120
18121
18124
18126
18127
18138
18141
18142
18145
18149
18150
18152
18153
18154
18155
18156
18161
18162
18164
18165
18166
18168
18169
18170
18172
18173
18176
18177
18182
18183
18184
18186
18187
18188
18190
18191
18192
18193
18195
18196
18198
18199
18200
18201
18202
18203
18204
18205
18206
18207
18208
18209
18211
18214
18215
18216
18217
18218
18219
18220
18221
18222
18223
18224
18225
18228
18230
18231
18232
18235
18236
18238
18243
18244
18245
18246
18248
18249
18250
18251
18252
18253
18254
18255
18258
18261
18262
18263
18264
18266
18267
18268
18269
18270
18272
18275
18277
18278
18279
18280
18281
18282
18283
18285
18286
18287
18288
18289
18291
18292
18293
18300
18302
18303
18304
18305
18306
18307
18310
18313
18314
18315
18316
18319
18322
18323
18324
18325
18326
18327
18329
18330
18332
18333
18335
18337
18342
18343
18345
18346
18347
18349
18351
18352
18353
18354
18355
18356
18359
18360
18361
18362
18363
18364
18365
18366
18367
18368
18369
18370
18371
18373
18374
18375
18377
18378
18379
18380
18382
18385
18386
18389
18390
18391
18392
18394
18395
18396
18397
18398
18399
18400
18401
18404
18405
18408
18409
18411
18412
18413
18414
18415
18416
18417
18418
18419
18420
18421
18422
18423
18424
18425
18426
18428
18429
18436
18439
18440
18441
18442
18444
18448
18449
18456
18457
18458
18459
18460
18461
18462
18463
18464
18465
18466
18467
18468
18469
18472
18473
18474
18475
18480
18481
18490
18491
18492
18494
18495
18497
18498
18499
18500
18501
18502
18503
18504
18505
18506
18507
18508
18512
18514
18520
18521
18522
18524
18526
18527
18528
18529
18531
18534
18535
18536
18538
18539
18540
18541
18542
18543
18544
18545
18546
18549
18550
18551
18552
18553
18554
18555
18556
18557
18558
18559
18561
18562
18563
18565
18566
18567
18568
18569
18570
18573
18574
18576
18577
18578
18579
18580
18583
18586
18587
18588
18592
18595
18596
18597
18598
18599
18600
18601
18602
18603
18605
18606
18607
18608
18609
18610
18612
18613
18615
18616
18617
18619
18620
18622
18629
18630
18631
18632
18636
18637
18638
18639
18640
18641
18642
18643
18645
18646
18647
18655
18658
18660
18662
18663
18664
18665
18666
18667
18668
18669
18670
18671
18672
18673
18674
18679
18681
18682
18683
18686
18687
18688
18690
18691
18692
18694
18695
18696
18698
18699
18700
18704
18705
18706
18707
18708
18709
18710
18711
18712
18713
18716
18717
18718
18719
18720
18721
18724
18725
18726
18728
18730
18731
18733
18735
18739
18741
18742
18743
18744
18747
18748
18754
18755
18756
18758
18759
18760
18761
18763
18764
18770
18771
18774
18775
18777
18778
18779
18780
18781
18783
18788
18792
18793
18794
18795
18798
18799
18802
18804
18805
18806
18807
18809
18811
18814
18815
18818
18819
18820
18823
18824
18825
18827
18828
18833
18834
18836
18837
18839
18841
18843
18844
18845
18846
18851
18853
18854
18859
18860
18865
18866
18867
18868
18869
18871
18873
18874
18877
18878
18879
18882
18889
18891
18892
18893
18894
18895
18899
18900
18902
18906
18909
18910
18911
18912
18913
18914
18915
18916
18918
18919
18920
18921
18923
18925
18926
18927
18928
18930
18931
18933
18934
18936
18937
18939
18940
18941
18945
18948
18949
18950
18951
18952
18954
18958
18959
18960
18962
18964
18967
18970
18973
18974
18975
18976
18977
18978
18980
18983
18985
18986
18987
18988
18989
18991
18993
18994
18996
18997
18998
18999
19002
19004
19005
19006
19007
19008
19009
19011
19012
19013
19014
19015
19016
19017
19018
19019
19021
19022
19023
19024
19025
19027
19028
19029
19030
19031
19032
19035
19036
19038
19039
19040
19041
19044
19046
19047
19048
19049
19050
19058
19061
19066
19067
19068
19069
19070
19072
19073
19074
19075
19079
19085
19086
19088
19090
19091
19092
19094
19095
19096
19097
19098
19102
19105
19106
19107
19108
19109
19110
19111
19113
19114
19115
19116
19120
19121
19122
19123
19124
19126
19128
19129
19130
19131
19132
19134
19135
19137
19139
19140
19141
19142
19143
19144
19145
19146
19147
19148
19150
19152
19154
19155
19157
19159
19161
19162
19163
19164
19166
19167
19168
19169
19171
19172
19173
19174
19176
19177
19178
19179
19180
19182
19183
19185
19186
19187
19188
19189
19190
19191
19192
19193
19194
19195
19196
19199
19200
19201
19204
19205
19206
19207
19208
19210
19212
19213
19219
19220
19221
19222
19223
19224
19225
19227
19229
19230
19231
19233
19234
19235
19236
19237
19240
19241
19242
19243
19244
19246
19247
19248
19249
19250
19252
19253
19254
19256
19257
19258
19259
19260
19261
19263
19264
19265
19266
19270
19271
19272
19273
19274
19275
19277
19278
19281
19285
19290
19293
19294
19295
19296
19297
19298
19300
19301
19302
19303
19304
19307
19311
19314
19315
19316
19317
19319
19320
19321
19322
19323
19325
19326
19327
19330
19331
19333
19335
19336
19337
19338
19341
19342
19343
19344
19345
19346
19347
19350
19351
19352
19353
19354
19355
19356
19359
19361
19362
19363
19365
19366
19367
19369
19374
19377
19379
19380
19381
19382
19383
19385
19386
19387
19388
19389
19390
19391
19392
19393
19394
19395
19398
19399
19400
19405
19408
19409
19412
19413
19414
19415
19416
19417
19418
19419
19420
19421
19422
19423
19424
19426
19427
19428
19430
19431
19432
19434
19435
19436
19437
19438
19439
19440
19441
19443
19444
19445
19450
19453
19454
19458
19459
19461
19462
19463
19468
19469
19472
19473
19474
19475
19477
19478
19479
19480
19481
19482
19483
19484
19485
19487
19488
19489
19495
19500
19501
19502
19503
19505
19506
19507
19508
19509
19510
19511
19512
19513
19514
19515
19516
19517
19521
19522
19523
19524
19525
19526
19527
19531
19533
19534
19535
19542
19543
19544
19545
19546
19547
19548
19549
19551
19554
19556
19557
19560
19562
19563
19567
19571
19574
19576
19587
19589
19591
19593
19595
19596
19597
19598
19599
19600
19602
19603
19605
19606
19607
19608
19609
19610
19613
19614
19615
19618
19619
19620
19624
19625
19626
19627
19628
19632
19633
19637
19638
19639
19641
19642
19645
19646
19650
19651
19653
19654
19655
19657
19663
19664
19665
19673
19674
19676
19677
19678
19679
19682
19684
19685
19687
19689
19691
19694
19695
19697
19698
19699
19702
19703
19705
19710
19711
19712
19721
19723
19725
19726
19728
19729
19730
19736
19737
19738
19739
19740
19741
19743
19744
19745
19746
19747
19749
19751
19752
19753
19754
19755
19756
19757
19758
19760
19761
19762
19763
19807
19808
19810
19811
19812
19813
19815
19816
19817
19818
19819
19822
19825
19826
19827
19828
19829
19830
19831
19832
19833
19834
19835
19836
19837
19838
19840
19841
19842
19843
19844
19845
19846
19847
19851
19854
19855
19858
19859
19861
19862
19863
19864
19866
19867
19870
19872
19875
19876
19877
19878
19879
19880
19881
19882
19883
19884
19885
19887
19893
19895
19896
19898
19899
19904
19905
19906
19911
19912
19913
19914
19915
19917
19918
19919
19920
19921
19924
19926
19927
19928
19929
19930
19932
19933
19934
19936
19937
19938
19939
19940
19942
19943
19944
19945
19946
19947
19948
19951
19952
19953
19955
19956
19957
19958
19959
19961
19962
19963
19964
19965
19966
19967
19970
19971
19972
19973
19974
19975
19979
19982
19984
19988
19989
19990
19991
19993
19994
19995
19996
19999
20000
20001
20002
20004
20006
20009
20010
20011
20013
20016
20018
20019
20023
20024
20025
20026
20027
20028
20029
20030
20031
20032
20033
20034
20036
20037
20038
20042
20043
20044
20045
20050
20051
20052
20054
20056
20058
20059
20061
20062
20063
20065
20066
20068
20069
20070
20071
20072
20073
20074
20076
20078
20079
20081
20084
20085
20086
20087
20090
20092
20093
20094
20095
20096
20097
20100
20102
20103
20105
20106
20107
20109
20110
20111
20112
20113
20114
20115
20117
20118
20119
20120
20121
20123
20124
20125
20126
20127
20130
20131
20132
20133
20134
20135
20136
20138
20139
20140
20141
20142
20143
20147
20148
20149
20150
20152
20154
20155
20156
20157
20161
20162
20163
20166
20169
20170
20171
20172
20174
20176
20177
20178
20179
20180
20181
20182
20183
20185
20186
20187
20188
20191
20192
20193
20196
20197
20198
20199
20200
20203
20204
20205
20207
20209
20210
20211
20212
20216
20222
20223
20225
20226
20227
20228
20229
20230
20231
20232
20235
20236
20238
20239
20242
20244
20245
20246
20247
20248
20249
20250
20251
20252
20253
20254
20255
20260
20261
20265
20266
20267
20268
20269
20272
20275
20277
20278
20279
20281
20283
20284
20285
20286
20289
20290
20292
20296
20297
20298
20299
20300
20302
20303
20304
20311
20313
20316
20317
20318
20319
20320
20322
20323
20325
20326
20328
20329
20333
20335
20339
20341
20342
20343
20344
20346
20347
20348
20349
20350
20351
20352
20353
20354
20355
20356
20358
20359
20360
20361
20362
20363
20364
20365
20367
20368
20369
20370
20371
20372
20375
20376
20378
20380
20382
20383
20384
20386
20387
20388
20389
20390
20391
20392
20393
20394
20395
20396
20397
20398
20399
20400
20401
20403
20404
20405
20406
20407
20408
20409
20410
20412
20414
20415
20416
20421
20422
20423
20424
20425
20427
20428
20432
20433
20434
20435
20436
20437
20438
20445
20446
20447
20448
20449
20450
20452
20453
20455
20460
20461
20464
20465
20466
20467
20468
20470
20471
20472
20474
20475
20476
20477
20479
20481
20482
20483
20484
20485
20486
20487
20489
20492
20493
20494
20495
20497
20498
20499
20500
20506
20507
20508
20509
20511
20512
20517
20518
20519
20520
20521
20522
20523
20524
20525
20526
20531
20532
20533
20534
20535
20536
20538
20541
20542
20547
20548
20549
20550
20555
20556
20557
20558
20559
20560
20561
20562
20564
20565
20567
20568
20570
20571
20572
20573
20574
20575
20576
20579
20580
20581
20584
20585
20586
20587
20589
20590
20591
20592
20594
20602
20604
20605
20606
20608
20609
20611
20612
20613
20615
20616
20619
20623
20630
20631
20632
20633
20634
20635
20636
20637
20638
20639
20640
20641
20642
20644
20645
20646
20649
20650
20651
20652
20653
20656
20658
20660
20661
20665
20666
20667
20668
20672
20673
20674
20675
20676
20677
20678
20679
20680
20681
20683
20684
20685
20686
20689
20693
20694
20695
20696
20698
20699
20704
20705
20715
20716
20720
20721
20722
20723
20724
20729
20730
20734
20735
20737
20738
20739
20742
20743
20745
20746
20750
20751
20752
20753
20756
20757
20759
20761
20762
20765
20766
20767
20768
20769
20770
20771
20772
20773
20774
20775
20777
20779
20780
20781
20785
20786
20787
20788
20793
20799
20800
20801
20802
20804
20806
20807
20808
20809
20810
20811
20812
20813
20819
20823
20824
20825
20826
20828
20829
20830
20834
20836
20837
20840
20841
20842
20843
20846
20847
20848
20856
20857
20858
20860
20861
20862
20863
20864
20865
20866
20867
20869
20871
20872
20873
20874
20877
20878
20879
20880
20881
20882
20883
20884
20885
20886
20891
20892
20898
20899
20900
20901
20902
20903
20909
20912
20913
20914
20918
20919
20920
20922
20923
20927
20928
20929
20930
20931
20933
20934
20935
20936
20937
20939
20942
20943
20944
20945
20947
21030
21031
21032
21033
21034
21035
21036
21040
21041
21043
21046
21047
21048
21049
21051
21054
21055
21056
21057
21058
21060
21061
21064
21067
21068
21071
21072
21074
21076
21077
21080
21083
21084
21087
21089
21090
21091
21092
21094
21098
21101
21102
21104
21105
21106
21107
21108
21109
21110
21111
21112
21113
21115
21116
21118
21119
21122
21124
21125
21126
21127
21128
21129
21133
21134
21135
21138
21139
21141
21142
21146
21148
21149
21150
21151
21153
21154
21155
21156
21158
21159
21160
21161
21162
21163
21164
21168
21172
21173
21174
21176
21178
21180
21181
21182
21183
21184
21185
21187
21190
21194
21197
21198
21199
21200
21205
21206
21210
21211
21213
21215
21216
21217
21218
21219
21224
21225
21226
21227
21228
21233
21234
21235
21236
21238
21239
21242
21243
21244
21247
21251
21252
21253
21255
21256
21264
21265
21266
21268
21270
21271
21272
21273
21275
21277
21279
21280
21283
21284
21285
21286
21287
21288
21290
21292
21293
21294
21295
21297
21299
21300
21301
21302
21305
21307
21309
21311
21313
21315
21317
21318
21319
21321
21322
21324
21327
21329
21331
21336
21337
21340
21341
21342
21343
21344
21355
21356
21357
21358
21359
21360
21362
21363
21365
21366
21368
21371
21372
21374
21376
21377
21378
21379
21380
21381
21382
21383
21384
21385
21386
21388
21392
21393
21394
21396
21397
21398
21399
21402
21403
21404
21406
21407
21410
21411
21413
21414
21415
21416
21417
21418
21420
21424
21427
21428
21429
21432
21433
21434
21435
21437
21438
21439
21441
21444
21446
21447
21449
21450
21453
21454
21457
21458
21460
21462
21465
21466
21467
21468
21469
21471
21472
21473
21477
21478
21479
21487
21488
21490
21491
21493
21495
21496
21497
21503
21507
21508
21509
21510
21511
21513
21514
21521
21522
21523
21527
21530
21533
21534
21537
21539
21540
21548
21554
