building_id
9
11
12
13
24
31
32
34
39
43
45
54
70
71
72
73
78
80
81
83
84
86
88
89
91
92
94
95
96
97
98
99
100
105
106
107
109
110
111
112
113
114
115
116
117
118
120
121
123
124
126
129
130
131
132
133
134
137
139
147
148
149
150
151
152
153
154
155
157
158
162
163
164
165
166
168
169
170
172
173
174
175
176
178
180
181
182
183
184
185
186
187
188
189
190
191
192
195
196
197
198
199
203
206
207
209
210
212
213
215
217
218
219
220
221
222
224
225
226
227
229
230
231
232
234
235
237
239
240
241
242
243
244
245
246
252
253
254
256
258
260
262
263
264
265
266
267
268
269
270
272
273
274
275
277
278
279
280
281
282
284
285
286
288
289
291
293
296
297
298
299
300
301
302
305
306
308
309
311
312
316
318
320
321
323
324
325
326
328
329
331
334
336
337
342
343
344
346
347
348
349
350
352
355
360
362
365
366
367
368
369
371
372
373
375
376
381
382
383
390
391
392
441
443
451
452
454
455
456
457
468
469
470
475
477
488
489
490
491
493
500
510
611
612
630
633
635
637
645
647
655
684
691
694
696
716
722
723
725
729
733
734
742
743
747
749
750
752
753
756
759
761
763
764
770
772
776
778
779
781
784
788
790
791
794
795
797
799
804
806
807
816
926
991
993
994
1017
1077
1082
1091
1132
1174
1213
1214
1266
1276
1277
1282
1287
1288
1293
1312
1314
1316
1332
1342
1348
1369
1372
1374
1396
1403
1407
1414
1428
1429
1430
1431
1435
1442
1445
1450
1454
1460
1463
1464
1465
1466
1470
1471
1475
1482
1487
1495
1499
1502
1512
1515
1518
1522
1524
1529
1530
1532
1533
1544
1559
1564
1568
1569
1570
1576
1577
1581
1586
1595
1602
1613
1620
1625
1631
1634
1637
1638
1640
1654
1655
1659
1665
1671
1693
1705
1723
1735
1737
1738
1749
1752
1753
1755
1760
1767
1770
1771
1773
1787
1789
1790
1795
1803
1806
1811
1812
1818
1820
1823
1831
1833
1843
1854
1862
1873
1879
1880
1884
1903
1905
1909
1920
1924
1925
1929
1930
1932
1933
1936
1938
1941
1942
1951
1952
1954
1957
1970
1972
1973
1975
1977
1979
1980
1986
1996
1999
2001
2006
2007
2009
2010
2011
2014
2016
2020
2021
2022
2041
2042
2043
2044
2045
2050
2052
2055
2059
2060
2062
2065
2068
2073
2075
2076
2079
2084
2088
2092
2093
2094
2099
2100
2102
2103
2107
2113
2115
2116
2117
2119
2121
2123
2128
2130
2135
2137
2138
2140
2142
2144
2147
2148
2151
2157
2162
2172
2174
2177
2179
2184
2187
2188
2194
2197
2201
2202
2204
2208
2213
2214
2215
2217
2218
2221
2222
2223
2226
2227
2235
2238
2241
2242
2243
2244
2245
2247
2249
2257
2261
2265
2268
2276
2277
2278
2279
2280
2283
2284
2285
2287
2288
2289
2291
2294
2297
2302
2304
2305
2306
2308
2311
2315
2317
2322
2323
2324
2328
2329
2330
2332
2333
2338
2339
2340
2342
2349
2352
2354
2356
2359
2360
2361
2363
2364
2365
2366
2368
2371
2376
2377
2379
2384
2391
2394
2395
2403
2404
2410
2411
2420
2421
2424
2426
2431
2434
2439
2442
2443
2451
2457
2463
2464
2467
2468
2469
2470
2471
2479
2484
2493
2495
2505
2508
2511
2512
2519
2526
2531
2546
2548
2555
2556
2564
2569
2584
2595
2596
2612
2618
2625
2626
2633
2640
2646
2659
2662
2664
2676
2677
2679
2680
2685
2708
2715
2717
2721
2732
2736
2740
2754
2761
2765
2782
2795
2804
2805
2809
2824
2844
2852
2855
2865
2880
2888
2894
2899
2900
2904
2916
2930
2937
2943
2946
2968
2976
2992
3002
3009
3012
3017
3019
3044
3045
3046
3047
3049
3050
3061
3062
3064
3066
3067
3073
3074
3076
3088
3098
3107
3111
3117
3121
3138
3140
3151
3154
3155
3172
3177
3211
3341
3344
3348
3451
3513
3569
3591
3594
3596
3601
3602
3612
3613
3627
3634
3639
3656
3676
3680
3683
3686
3688
3693
3696
3700
3707
3716
3748
3750
3768
3778
3790
3816
3825
3838
3842
3844
3855
3871
3874
3951
3952
3996
4077
4079
4135
4137
4167
4169
4172
4174
4182
4211
4212
4213
4224
4233
4234
4238
4240
4244
4245
4246
4247
4257
4261
4263
4264
4284
4331
4346
4398
4405
4410
4413
4414
4426
4435
4443
4449
4450
4478
4482
4501
4503
4524
4533
4535
4572
4577
4578
4596
4597
4743
4744
4746
4766
4768
4783
4800
4823
4830
4853
4866
4912
4913
4914
4949
4950
5039
5133
5148
5149
5239
5249
5304
5305
5316
5317
5325
5328
5345
5384
5400
5407
5415
5568
5572
5594
5666
5670
5675
5682
5683
5685
5717
5721
5728
5746
5769
5805
5824
5827
5828
5837
5839
5840
5842
5843
5844
5852
5860
5870
5876
5940
6043
6048
6078
6080
6106
6142
6155
6174
6178
6187
6192
6208
6229
6231
6242
6244
6252
6254
6366
6368
6369
6375
6392
6481
6489
6498
6508
6511
6514
6519
6531
6541
6556
6559
6588
6604
6605
6614
6616
6749
6818
6835
6842
6847
6854
6861
6879
6882
6884
6885
6891
6902
6910
6912
6922
6940
6943
6952
6953
6955
6966
6979
6980
6999
7103
7116
7137
7138
7140
7158
7212
7282
7285
7293
7319
7350
7356
7373
7390
7408
7409
7425
7428
7432
7444
7447
7633
7653
7671
7695
7696
7699
7709
7725
7727
7733
7758
7764
7784
7820
7827
7929
7930
7979
7980
8055
8059
8062
8070
8071
8080
8090
8127
8136
8141
8144
8176
8200
8208
8210
8236
8265
8283
8284
8300
8301
8475
8480
8486
8558
8570
8573
8580
8581
8589
8595
8604
8607
8616
8619
8735
8742
8748
8761
8763
8788
8795
8797
8801
8805
8871
8943
8952
8981
8993
9008
9016
9103
9144
9160
9266
9288
9346
9349
9350
9353
9372
9428
9554
9574
9729
9731
9732
9742
9803
9806
9817
9823
9834
9853
9865
10005
10042
10127
10138
10165
10203
10272
10277
10278
10316
10399
10454
10478
10484
10486
10504
10510
10525
10540
10541
10546
10563
10583
10594
10598
10648
10736
10743
10824
10825
10826
10897
10905
11036
11042
11059
11156
11161
11262
11301
11303
11373
11450
11451
11452
11457
11458
11469
11471
11472
11487
11497
11505
11506
11516
11531
11535
11537
11547
11548
11559
11562
11576
11584
11615
11620
11623
11627
11643
11724
11740
11758
11760
11776
11788
11799
11813
11817
11841
11866
11867
11880
11892
11938
11974
11975
11994
11995
12011
12015
12019
12043
12053
12081
12121
12125
12127
12135
12158
12167
12173
12184
12215
12225
12275
12301
12316
12332
12349
12358
12371
12383
12387
12460
12461
12464
12478
12489
12491
12500
12548
12550
12554
12561
12562
12567
12605
12608
12654
12656
12660
12665
12703
12735
12827
12885
12886
12891
12903
12918
12920
12948
12958
12979
12991
12994
13003
13004
13032
13033
13034
13039
13056
13060
13088
13091
13101
13141
13149
13168
13169
13175
13179
13191
13215
13223
13249
13267
13286
13317
13323
13333
13335
13340
13343
13373
13385
13395
13404
13461
13462
13479
13483
13511
13518
13542
13553
13567
13582
13612
13616
13617
13640
13659
13674
13680
13685
13687
13769
13778
13796
13810
13812
13841
13853
13858
13887
13894
13926
13936
13952
13999
14001
14039
14055
14057
14059
14061
14067
14070
14104
14145
14157
14186
14188
14200
14202
14204
14238
14267
14274
14301
14307
14309
14314
14330
14338
14340
14370
14376
14383
14385
14420
14422
14431
14442
14500
14502
14503
14510
14549
14554
14564
14569
14592
14593
14645
14680
14688
14697
14708
14733
14746
14749
14770
14782
14789
14790
14794
14806
14817
14819
14820
14823
14832
14841
14861
14873
14884
14914
14918
14944
15001
15005
15014
15024
15038
15051
15056
15066
15075
15082
15090
15099
15107
15119
15130
15131
15134
15154
15156
15157
15159
15168
15173
15177
15196
15209
15227
15247
15258
15278
15284
15286
15295
15314
15360
15371
15378
15385
15407
15412
15420
15422
15427
15431
15433
15437
15439
15454
15464
15482
15587
15602
15617
15623
15648
15661
15673
15713
15722
15798
15821
15838
15841
15858
15891
15905
15912
15915
15917
15930
15933
15946
15951
15957
15984
15998
16001
16005
16007
16027
16052
16062
16065
16071
16084
16105
16115
16129
16133
16134
16137
16147
16154
16165
16168
16196
16205
16206
16220
16247
16254
16257
16271
16278
16293
16295
16300
16303
16305
16324
16378
16402
16407
16410
16411
16440
16449
16466
16497
16498
16528
16530
16531
16573
16611
16639
16648
16650
16653
16710
16719
16727
16728
16735
16741
16768
16802
16835
16841
16858
16883
16888
16907
16910
16916
16924
16940
16949
16953
16960
16963
16968
16983
17004
17013
17016
17019
17020
17029
17040
17041
17047
17051
17058
17059
17065
17068
17070
17072
17073
17074
17075
17076
17079
17080
17082
17083
17084
17089
17090
17091
17099
17100
17101
17106
17108
17109
17110
17117
17126
17133
17138
17141
17147
17151
17162
17173
17174
17177
17178
17179
17182
17189
17199
17201
17204
17214
17216
17223
17278
17281
17283
17286
17294
17301
17302
17305
17307
17308
17310
17314
17317
17318
17321
17325
17335
17336
17339
17346
17349
17364
17365
17375
17384
17393
17398
17399
17407
17409
17410
17411
17416
17433
17444
17445
17447
17448
17460
17506
17529
17533
17571
17580
17583
17594
17613
17614
17617
17618
17623
17631
17637
17661
17678
17680
17682
17694
17697
17699
17700
17708
17717
17747
17754
17756
17764
17774
17781
17786
17787
17803
17812
17824
17852
17872
17919
17935
17936
17942
17957
17958
17973
17975
17977
17984
17986
17992
18004
18016
18018
18020
18066
18082
18091
18104
18106
18153
18154
18155
18156
18164
18165
18166
18170
18172
18187
18193
18203
18211
18220
18263
18266
18268
18281
18324
18333
18343
18349
18351
18365
18374
18380
18391
18392
18397
18400
18401
18412
18429
18462
18463
18464
18491
18502
18512
18521
18522
18526
18551
18559
18587
18592
18612
18619
18630
18642
18646
18660
18670
18674
18679
18690
18709
18726
18728
18735
18739
18747
18754
18760
18763
18764
18778
18794
18799
18815
18833
18868
18871
18902
18909
18910
18911
18920
18930
18939
18950
18951
18958
18962
18964
18970
18985
18989
18999
19019
19038
19039
19040
19044
19085
19088
19091
19098
19107
19146
19148
19154
19166
19177
19190
19193
19201
19207
19213
19220
19236
19250
19256
19275
19285
19317
19320
19321
19322
19323
19331
19333
19345
19347
19350
19351
19352
19354
19366
19379
19381
19385
19387
19389
19390
19393
19394
19405
19408
19415
19424
19427
19434
19436
19437
19438
19440
19445
19450
19453
19474
19478
19480
19488
19500
19503
19507
19511
19512
19521
19523
19526
19545
19554
19556
19563
19576
19587
19589
19597
19602
19603
19605
19606
19607
19608
19613
19620
19639
19641
19642
19651
19665
19676
19682
19687
19691
19726
19753
19761
19807
19813
19819
19825
19826
19832
19835
19846
19854
19866
19872
19875
19879
19887
19895
19896
19906
19918
19920
19924
19928
19930
19944
19953
19956
19961
19965
19973
19991
19993
19994
20001
20004
20019
20032
20033
20036
20037
20058
20066
20069
20073
20074
20081
20093
20100
20118
20138
20139
20143
20180
20182
20186
20200
20223
20228
20229
20244
20251
20253
20255
20265
20272
20279
20292
20300
20302
20303
20320
20325
20335
20339
20343
20344
20351
20352
20359
20360
20372
20380
20387
20390
20391
20394
20396
20401
20409
20412
20421
20422
20423
20424
20427
20434
20435
20436
20437
20438
20445
20446
20447
20448
20452
20453
20455
20461
20468
20470
20471
20472
20476
20477
20479
20481
20483
20492
20493
20495
20499
20500
20506
20507
20508
20517
20518
20519
20521
20522
20523
20524
20526
20531
20532
20534
20535
20536
20538
20541
20542
20548
20549
20555
20557
20559
20560
20561
20562
20564
20565
20570
20571
20573
20574
20575
20576
20579
20580
20581
20584
20587
20589
20590
20591
20594
20604
20605
20606
20609
20611
20612
20613
20616
20623
20631
20633
20634
20635
20636
20637
20638
20640
20641
20645
20649
20650
20652
20656
20658
20660
20665
20667
20672
20673
20674
20675
20676
20677
20678
20679
20680
20681
20683
20684
20685
20686
20689
20694
20695
20699
20705
20715
20716
20720
20721
20722
20724
20729
20730
20734
20737
20738
20742
20743
20746
20750
20751
20752
20753
20757
20762
20765
20766
20767
20768
20769
20770
20771
20772
20774
20775
20781
20785
20786
20787
20788
20799
20807
20810
20812
20813
20819
20823
20824
20825
20826
20828
20830
20834
20836
20837
20840
20841
20842
20843
20846
20847
20856
20860
20861
20862
20863
20864
20866
20867
20869
20871
20872
20873
20877
20882
20883
20884
20885
20886
20891
20892
20898
20899
20900
20901
20902
20909
20912
20913
20918
20919
20922
20929
20930
20931
20933
20934
20935
20939
20942
20943
20944
20945
20947
21030
21031
21032
21033
21034
21035
21036
21040
21041
21043
21049
21051
21054
21055
21058
21060
21071
21072
21074
21076
21077
21080
21083
21091
21092
21094
21098
21101
21102
21104
21106
21107
21108
21109
21110
21115
21116
21118
21124
21125
21127
21129
21133
21134
21135
21138
21139
21142
21149
21150
21151
21153
21154
21155
21158
21159
21161
21174
21176
21178
21180
21181
21183
21184
21185
21187
21190
21194
21198
21199
21200
21205
21211
21213
21218
21219
21224
21226
21227
21228
21233
21234
21235
21236
21242
21244
21247
21252
21256
21265
21271
21272
21275
21284
21286
21288
21290
21292
21293
21297
21299
21305
21307
21309
21311
21315
21318
21319
21322
21327
21329
21331
21336
21337
21342
21343
21344
21359
21360
21362
21363
21366
21368
21371
21372
21376
21378
21379
21380
21381
21382
21383
21384
21385
21386
21388
21393
21397
21398
21399
21404
21411
21413
21415
21416
21417
21418
21424
21432
21433
21434
21435
21439
21441
21446
21449
21450
21454
21457
21458
21460
21462
21466
21471
21472
21477
21478
21487
21488
21491
21495
21496
21503
21508
21510
21522
21523
21527
21530
21537
